Robot1 ,[-782.56995 -760.12744 -577.4455 ],"[[-2.34739728e-12 -1.73237146e-25  7.34170628e+00 -2.34739791e-12
  -1.73125422e-25  1.20000000e+01]]"
Robot2 ,[-569.20374 -825.61694 -816.74225],"[[-2.34739728e-12 -1.73237146e-25  7.34170628e+00 -2.34739791e-12
  -1.73125422e-25  1.20000000e+01]]"
Robot1 ,[-4928.4805 -4902.5273 -5056.263 ],"[[ 3.82550100e-12 -3.39877002e-12  9.63064194e-01  1.92029109e-02
  -1.10349774e-02  7.54402828e+00]]"
Robot2 ,[-4829.2373 -5307.2656 -5084.6733],"[[ 3.82550100e-12 -3.39877002e-12  9.63064194e-01  1.92029109e-02
  -1.10349774e-02  7.54402828e+00]]"
Robot1 ,[-4928.4805 -4443.6846 -5056.263 ],"[[4.98944779e-12 1.67020874e-12 1.20000000e+01 1.72204198e-01
  7.62384645e-01 6.62771130e+00]]"
Robot2 ,[-4377.7236 -5307.2656 -5084.6733],"[[4.98944779e-12 1.67020874e-12 1.20000000e+01 1.72204198e-01
  7.62384645e-01 6.62771130e+00]]"
Robot1 ,[-4928.4805 -5030.676  -5056.263 ],"[[ 1.58130354e-12 -3.03559929e-13  1.94749546e+00  1.81812265e-01
   8.22317369e-01  1.18610687e+01]]"
Robot2 ,[-4971.3105 -5307.2656 -5084.6733],"[[ 1.58130354e-12 -3.03559929e-13  1.94749546e+00  1.81812265e-01
   8.22317369e-01  1.18610687e+01]]"
Robot1 ,[-776.0737  -754.2963  -572.19147],"[[ 5.60981263e-12  9.31123416e-13  1.20000000e+01 -5.66154502e-01
   1.09925142e+00  1.08466311e+01]]"
Robot2 ,[-564.2048 -818.5226 -810.4521],"[[ 5.60981263e-12  9.31123416e-13  1.20000000e+01 -5.66154502e-01
   1.09925142e+00  1.08466311e+01]]"
Robot1 ,[-2028.2466 -2590.264  -2826.0728],"[[ 6.81535926e-13 -1.23018327e-12  1.95579362e+00 -1.37625141e+00
   1.39918322e+00  9.97771740e+00]]"
Robot2 ,[-2664.4856 -2099.1812 -2806.857 ],"[[ 6.81535926e-13 -1.23018327e-12  1.95579362e+00 -1.37625141e+00
   1.39918322e+00  9.97771740e+00]]"
Robot1 ,[-867.5839 -836.4378 -621.547 ],"[[ 4.64658208e-12  9.83858013e-14  1.20000000e+01 -1.44064591e+00
   1.42117812e+00  1.06200695e+01]]"
Robot2 ,[-609.9675 -918.459  -899.0604],"[[ 4.64658208e-12  9.83858013e-14  1.20000000e+01 -1.44064591e+00
   1.42117812e+00  1.06200695e+01]]"
Robot1 ,[-1982.3739 -1857.947  -2451.407 ],"[[-1.44572285e-13 -2.00299670e-12  1.95527446e+00 -1.83825642e+00
   7.36125739e-01  1.03777571e+01]]"
Robot2 ,[-2401.6458 -2122.7544 -2000.2333],"[[-1.44572285e-13 -2.00299670e-12  1.95527446e+00 -1.83825642e+00
   7.36125739e-01  1.03777571e+01]]"
Robot1 ,[-1473.8751  -1380.6575   -957.07446],"[[ 3.48481077e-12 -2.63167061e-12  6.41111135e+00 -2.27162738e+00
  -1.05404165e-02  9.51402950e+00]]"
Robot2 ,[ -921.69135 -1580.5765  -1486.1256 ],"[[ 3.48481077e-12 -2.63167061e-12  6.41111135e+00 -2.27162738e+00
  -1.05404165e-02  9.51402950e+00]]"
Robot1 ,[-1654.1545 -1542.4801 -1056.974 ],"[[ 2.42941656e-12  9.53872338e-13  1.20000000e+01 -2.70018954e+00
  -7.48921387e-01  8.65441513e+00]]"
Robot2 ,[-1014.51294 -1777.4559  -1660.6882 ],"[[ 2.42941656e-12  9.53872338e-13  1.20000000e+01 -2.70018954e+00
  -7.48921387e-01  8.65441513e+00]]"
Robot1 ,[-2365.8215 -2181.2874 -1450.4166],"[[ 1.06896838e-12 -1.41077823e-12  8.52997589e+00 -3.12111837e+00
  -1.47415068e+00  7.81373024e+00]]"
Robot2 ,[-1380.0146 -2554.6523 -2349.7878],"[[ 1.06896838e-12 -1.41077823e-12  8.52997589e+00 -3.12111837e+00
  -1.47415068e+00  7.81373024e+00]]"
Robot1 ,[-2753.3398 -2529.1318 -1664.7936],"[[ 4.43364526e-12  1.63062239e-12  1.20000000e+01 -3.54230742e+00
  -2.19982832e+00  6.96884918e+00]]"
Robot2 ,[-1579.1771 -2977.8528 -2725.0176],"[[ 4.43364526e-12  1.63062239e-12  1.20000000e+01 -3.54230742e+00
  -2.19982832e+00  6.96884918e+00]]"
Robot1 ,[-5004.3784 -4549.711  -3908.6194],"[[-5.95077742e-13 -1.43764466e-13  1.80774331e+00 -3.97086959e+00
  -2.93820929e+00  6.10923576e+00]]"
Robot2 ,[-3734.6248 -5436.163  -4904.6733],"[[-5.95077742e-13 -1.43764466e-13  1.80774331e+00 -3.97086959e+00
  -2.93820929e+00  6.10923576e+00]]"
Robot1 ,[-5004.3784 -4549.711  -3649.0344],"[[ 2.91262395e-12 -1.81045645e-12  1.20000000e+01 -4.39910240e+00
  -3.67602281e+00  5.25487423e+00]]"
Robot2 ,[-3492.4392 -5436.163  -4904.6733],"[[ 2.91262395e-12 -1.81045645e-12  1.20000000e+01 -4.39910240e+00
  -3.67602281e+00  5.25487423e+00]]"
Robot1 ,[-5497.764  -4992.5845 -4181.505 ],"[[-2.16126463e-13  6.92360642e-13  1.78145576e+00 -4.43284108e+00
  -3.72975955e+00  1.10588865e+01]]"
Robot2 ,[-3988.139  -5974.9795 -5382.414 ],"[[-2.16126463e-13  6.92360642e-13  1.78145576e+00 -4.43284108e+00
  -3.72975955e+00  1.10588865e+01]]"
Robot1 ,[-3608.9062 -3297.106  -2137.0396],"[[ 3.98818576e-12 -2.18366234e-12  1.20000000e+01 -5.17953474e+00
  -3.45203343e+00  1.05214863e+01]]"
Robot2 ,[-2017.8326 -3912.1985 -3553.4531],"[[ 3.98818576e-12 -2.18366234e-12  1.20000000e+01 -5.17953474e+00
  -3.45203343e+00  1.05214863e+01]]"
Robot1 ,[-4147.842  -3780.8662 -2433.6602],"[[ 2.63616856e-12  1.32248142e-12  1.06739597e+01 -5.97971633e+00
  -3.15440713e+00  9.66618538e+00]]"
Robot2 ,[-2293.294  -4500.7583 -4075.2988],"[[ 2.63616856e-12  1.32248142e-12  1.06739597e+01 -5.97971633e+00
  -3.15440713e+00  9.66618538e+00]]"
Robot1 ,[-5312.0293 -4825.8647 -3075.6746],"[[ 2.09695555e-13 -1.40634653e-12  9.67836475e+00 -6.78457450e+00
  -2.85504139e+00  8.80590248e+00]]"
Robot2 ,[-2889.601  -5772.142  -5202.5684],"[[ 2.09695555e-13 -1.40634653e-12  9.67836475e+00 -6.78457450e+00
  -2.85504139e+00  8.80590248e+00]]"
Robot1 ,[-5922.079  -5373.4585 -3411.5747],"[[ 2.74192238e-12 -1.42138141e-12  1.20000000e+01 -7.58857226e+00
  -2.55599567e+00  7.95113134e+00]]"
Robot2 ,[-3201.55   -6438.3647 -5793.2734],"[[ 2.74192238e-12 -1.42138141e-12  1.20000000e+01 -7.58857226e+00
  -2.55599567e+00  7.95113134e+00]]"
Robot1 ,[-10300.122  -9303.282  -6828.979],"[[-1.18243943e-12 -2.15755586e-13  1.76493311e+00 -8.39760342e+00
  -2.25507779e+00  7.08640003e+00]]"
Robot2 ,[ -6447.0664 -11219.532  -10032.485 ],"[[-1.18243943e-12 -2.15755586e-13  1.76493311e+00 -8.39760342e+00
  -2.25507779e+00  7.08640003e+00]]"
Robot1 ,[-8194.546 -7413.272 -4665.119],"[[ 2.17703040e-12 -4.04571761e-12  1.20000000e+01 -9.20246159e+00
  -1.95571205e+00  6.23620749e+00]]"
Robot2 ,[-4365.8745 -8920.077  -7993.678 ],"[[ 2.17703040e-12 -4.04571761e-12  1.20000000e+01 -9.20246159e+00
  -1.95571205e+00  6.23620749e+00]]"
Robot1 ,[-10058.41    -9086.316   -5795.2583],"[[ 2.47810950e-12  9.89428174e-14  8.75905991e+00 -1.00069452e+01
  -1.65648561e+00  5.37541389e+00]]"
Robot2 ,[ -5422.8364 -10955.563   -9798.4375],"[[ 2.47810950e-12  9.89428174e-14  8.75905991e+00 -1.00069452e+01
  -1.65648561e+00  5.37541389e+00]]"
Robot1 ,[-11695.307 -10555.628  -6700.016],"[[-8.40352184e-14 -2.57333283e-12  1.20000000e+01 -1.08118034e+01
  -1.35711987e+00  4.51605177e+00]]"
Robot2 ,[ -6263.327 -12743.183 -11383.427],"[[-8.40352184e-14 -2.57333283e-12  1.20000000e+01 -1.08118034e+01
  -1.35711987e+00  4.51605177e+00]]"
Robot1 ,[-11695.307  -10555.628   -6156.6943],"[[ 3.57210767e-12 -3.63479808e-12  1.00525827e+01 -1.16251366e+01
  -1.05460184e+00  3.65590954e+00]]"
Robot2 ,[ -5763.6743 -12743.183  -11383.427 ],"[[ 3.57210767e-12 -3.63479808e-12  1.00525827e+01 -1.16251366e+01
  -1.05460184e+00  3.65590954e+00]]"
Robot1 ,[-13904.372 -12538.531  -8920.894],"[[ 2.90766858e-12 -9.19343248e-13  1.90284097e+00 -1.16793163e+01
  -1.03680234e+00  5.17407513e+00]]"
Robot2 ,[ -8397.474 -15155.656 -13522.441],"[[ 2.90766858e-12 -9.19343248e-13  1.90284097e+00 -1.16793163e+01
  -1.03680234e+00  5.17407513e+00]]"
Robot1 ,[-13588.087  -12254.628   -7747.2383],"[[ 2.88071128e-12 -4.18821373e-12  1.20000000e+01 -1.20572814e+01
  -1.72556556e+00  4.71376038e+00]]"
Robot2 ,[ -7236.2363 -14810.248  -13216.186 ],"[[ 2.88071128e-12 -4.18821373e-12  1.20000000e+01 -1.20572814e+01
  -1.72556556e+00  4.71376038e+00]]"
Robot1 ,[-16415.166 -14792.274  -9310.137],"[[ 5.67379067e-12 -3.83077874e-13  8.09612846e+00 -1.24704011e+01
  -2.47839265e+00  3.84895349e+00]]"
Robot2 ,[ -8688.141 -17897.643 -15953.617],"[[ 5.67379067e-12 -3.83077874e-13  8.09612846e+00 -1.24704011e+01
  -2.47839265e+00  3.84895349e+00]]"
Robot1 ,[-16415.166 -14792.274  -8509.218],"[[ 1.05290842e-12 -1.79185854e-12  1.20000000e+01 -1.28762624e+01
  -3.21799281e+00  2.99836874e+00]]"
Robot2 ,[ -7949.421 -17897.643 -15953.617],"[[ 1.05290842e-12 -1.79185854e-12  1.20000000e+01 -1.28762624e+01
  -3.21799281e+00  2.99836874e+00]]"
Robot1 ,[-21079.861 -18979.4   -11889.287],"[[ 6.22869847e-12 -1.08341931e-12  8.04467964e+00 -1.32799156e+01
  -3.95356904e+00  2.15793419e+00]]"
Robot2 ,[-11084.149 -22991.857 -20470.39 ],"[[ 6.22869847e-12 -1.08341931e-12  8.04467964e+00 -1.32799156e+01
  -3.95356904e+00  2.15793419e+00]]"
Robot1 ,[-21079.861 -18979.4   -11732.718],"[[ 1.07195018e-13 -3.16943007e-12  1.13430157e+01 -1.36787108e+01
  -4.68029259e+00  1.32762504e+00]]"
Robot2 ,[-11008.094 -22991.857 -20470.39 ],"[[ 1.07195018e-13 -3.16943007e-12  1.13430157e+01 -1.36787108e+01
  -4.68029259e+00  1.32762504e+00]]"
Robot1 ,[-23392.172 -21054.979 -14067.856],"[[ 4.10675515e-12 -1.92889391e-12  8.07566071e+00 -1.37089420e+01
  -4.73079957e+00  7.98431814e-01]]"
Robot2 ,[-13171.935 -25517.082 -22709.377],"[[ 4.10675515e-12 -1.92889391e-12  8.07566071e+00 -1.37089420e+01
  -4.73079957e+00  7.98431814e-01]]"
Robot1 ,[-23552.287 -21198.701 -14156.633],"[[ 2.83558332e-12 -4.62872228e-12  1.06785250e+01 -1.42028658e+01
  -4.56129662e+00  3.52314532e-01]]"
Robot2 ,[-13254.424 -25691.94  -22864.414],"[[ 2.83558332e-12 -4.62872228e-12  1.06785250e+01 -1.42028658e+01
  -4.56129662e+00  3.52314532e-01]]"
Robot1 ,[-22475.61   -20232.254  -13561.9375],"[[ 2.03482447e-12 -1.57739280e-12  1.20000000e+01 -1.42529126e+01
  -4.59332718e+00  1.23286164e+00]]"
Robot2 ,[-12702.001 -24516.123 -21821.879],"[[ 2.03482447e-12 -1.57739280e-12  1.20000000e+01 -1.42529126e+01
  -4.59332718e+00  1.23286164e+00]]"
Robot1 ,[-17030.482 -15338.706  -9006.735],"[[ 1.93855521e-13 -4.76636598e-12  9.15116119e+00 -1.42884715e+01
  -5.06001247e+00  6.10486269e+00]]"
Robot2 ,[ -8463.121 -18573.77  -16544.104],"[[ 1.93855521e-13 -4.76636598e-12  9.15116119e+00 -1.42884715e+01
  -5.06001247e+00  6.10486269e+00]]"
Robot1 ,[-18573.176 -16741.346  -9739.914],"[[-2.71809786e-12  1.63914570e-13  7.34282637e+00 -1.37271872e+01
  -5.36495870e+00  5.23106432e+00]]"
Robot2 ,[ -9170.755 -20240.594 -18049.557],"[[-2.71809786e-12  1.63914570e-13  7.34282637e+00 -1.37271872e+01
  -5.36495870e+00  5.23106432e+00]]"
Robot1 ,[-16921.383 -15227.911  -9930.275],"[[ 2.53423075e-12 -4.57717306e-12  1.98756874e+00 -1.31068830e+01
  -5.70197042e+00  4.52282524e+00]]"
Robot2 ,[ -9349.982 -18477.598 -16434.746],"[[ 2.53423075e-12 -4.57717306e-12  1.98756874e+00 -1.31068830e+01
  -5.70197042e+00  4.52282524e+00]]"
Robot1 ,[-16921.383 -15227.911  -9169.776],"[[ 9.82496041e-13 -1.63361212e-12  2.12144852e+00 -1.24938386e+01
  -6.03503791e+00  3.82650089e+00]]"
Robot2 ,[ -8647.513 -18477.598 -16434.746],"[[ 9.82496041e-13 -1.63361212e-12  2.12144852e+00 -1.24938386e+01
  -6.03503791e+00  3.82650089e+00]]"
Robot1 ,[-17434.686 -15708.699  -9026.758],"[[ 2.93685092e-12 -5.29409925e-12  1.20000000e+01 -1.18590150e+01
  -6.37993807e+00  3.10543537e+00]]"
Robot2 ,[ -8462.162 -19002.586 -16938.777],"[[ 2.93685092e-12 -5.29409925e-12  1.20000000e+01 -1.18590150e+01
  -6.37993807e+00  3.10543537e+00]]"
Robot1 ,[-17742.969 -15983.591  -8823.408],"[[-4.61425619e-13 -2.38329613e-12  8.51650810e+00 -1.12346777e+01
  -6.71914101e+00  2.39536428e+00]]"
Robot2 ,[ -8301.743 -19347.64  -17239.275],"[[-4.61425619e-13 -2.38329613e-12  8.51650810e+00 -1.12346777e+01
  -6.71914101e+00  2.39536428e+00]]"
Robot1 ,[-17630.025 -15876.704 -10077.96 ],"[[ 6.67453772e-13 -5.92312455e-12  1.20000000e+01 -1.06329263e+01
  -7.04607305e+00  1.71278346e+00]]"
Robot2 ,[ -9541.329 -19232.504 -17126.773],"[[ 6.67453772e-13 -5.92312455e-12  1.20000000e+01 -1.06329263e+01
  -7.04607305e+00  1.71278346e+00]]"
Robot1 ,[-17746.793 -15985.815 -10423.227],"[[-1.23932362e-12 -2.48488485e-12  1.20000000e+01 -1.00303681e+01
  -7.37344334e+00  1.02836871e+00]]"
Robot2 ,[ -9852.972 -19351.88  -17241.89 ],"[[-1.23932362e-12 -2.48488485e-12  1.20000000e+01 -1.00303681e+01
  -7.37344334e+00  1.02836871e+00]]"
Robot1 ,[-14233.681 -12837.385  -9053.425],"[[ 1.64266136e-12 -4.61634872e-12  1.84099448e+00 -9.41329057e+00
  -7.70870207e+00  3.27460945e-01]]"
Robot2 ,[ -8587.745 -15512.422 -13842.354],"[[ 1.64266136e-12 -4.61634872e-12  1.84099448e+00 -9.41329057e+00
  -7.70870207e+00  3.27460945e-01]]"
Robot1 ,[-16519.033  -14867.452   -9681.0205],"[[ 2.86722850e-12 -3.54568959e-12  1.20000000e+01 -9.42622408e+00
  -7.71009989e+00  3.89289767e-01]]"
Robot2 ,[ -9196.9375 -18035.195  -16046.212 ],"[[ 2.86722850e-12 -3.54568959e-12  1.20000000e+01 -9.42622408e+00
  -7.71009989e+00  3.89289767e-01]]"
Robot1 ,[-9749.092  -8798.91   -5177.8125],"[[ 1.38343103e-12 -6.18590820e-14  8.07001591e+00 -9.42165173e+00
  -7.70534686e+00  1.00492668e+01]]"
Robot2 ,[ -4904.2207 -10628.858   -9495.257 ],"[[ 1.38343103e-12 -6.18590820e-14  8.07001591e+00 -9.42165173e+00
  -7.70534686e+00  1.00492668e+01]]"
Robot1 ,[-9397.765  -8493.807  -4737.1147],"[[ 2.06485326e-12 -5.53373468e-12  1.20000000e+01 -9.52975241e+00
  -7.08789828e+00  9.53682423e+00]]"
Robot2 ,[ -4467.325 -10236.784  -9160.961],"[[ 2.06485326e-12 -5.53373468e-12  1.20000000e+01 -9.52975241e+00
  -7.08789828e+00  9.53682423e+00]]"
Robot1 ,[-10456.71    -9451.842   -5593.1245],"[[ 2.54650568e-12 -2.36406374e-12  9.26024246e+00 -9.65101954e+00
  -6.39524566e+00  8.82839012e+00]]"
Robot2 ,[ -5273.6997 -11384.222  -10186.196 ],"[[ 2.54650568e-12 -2.36406374e-12  9.26024246e+00 -9.65101954e+00
  -6.39524566e+00  8.82839012e+00]]"
Robot1 ,[-12121.552 -10917.588  -7104.651],"[[ 1.65574940e-12 -8.26722924e-12  1.76110280e+00 -9.76927874e+00
  -5.71977373e+00  8.14570045e+00]]"
Robot2 ,[ -6766.207 -13235.002 -11791.059],"[[ 1.65574940e-12 -8.26722924e-12  1.76110280e+00 -9.76927874e+00
  -5.71977373e+00  8.14570045e+00]]"
Robot1 ,[-10721.81   -9694.487  -5597.367],"[[ 1.78572173e-13 -1.04089694e-12  8.02297497e+00 -9.88722132e+00
  -5.04611028e+00  7.46207619e+00]]"
Robot2 ,[ -5306.7783 -11663.089  -10442.657 ],"[[ 1.78572173e-13 -1.04089694e-12  8.02297497e+00 -9.88722132e+00
  -5.04611028e+00  7.46207619e+00]]"
Robot1 ,[-10670.044  -9637.323  -5340.676],"[[ 1.32019465e-13 -4.17696731e-12  8.96473122e+00 -1.00048473e+01
  -4.37425533e+00  6.77386570e+00]]"
Robot2 ,[ -5027.215 -11621.659 -10391.014],"[[ 1.32019465e-13 -4.17696731e-12  8.96473122e+00 -1.00048473e+01
  -4.37425533e+00  6.77386570e+00]]"
Robot1 ,[-11045.631   -9991.509   -5616.8105],"[[-1.04150012e-13  1.82722486e-12  8.04356670e+00 -1.01224732e+01
  -3.70240038e+00  6.09670115e+00]]"
Robot2 ,[ -5283.5386 -12014.467  -10761.621 ],"[[-1.04150012e-13  1.82722486e-12  8.04356670e+00 -1.01224732e+01
  -3.70240038e+00  6.09670115e+00]]"
Robot1 ,[-11045.631  -9991.509  -5182.401],"[[ 2.80799305e-12 -5.04985209e-12  1.16735096e+01 -1.02399409e+01
  -3.03144967e+00  5.41399765e+00]]"
Robot2 ,[ -4882.456 -12014.467 -10761.621],"[[ 2.80799305e-12 -5.04985209e-12  1.16735096e+01 -1.02399409e+01
  -3.03144967e+00  5.41399765e+00]]"
Robot1 ,[-11016.357  -9934.966  -6109.882],"[[ 1.18682235e-12 -1.15639983e-12  8.10750008e+00 -1.03531341e+01
  -2.38491361e+00  4.75701952e+00]]"
Robot2 ,[ -5779.7437 -12015.986  -10721.5205],"[[ 1.18682235e-12 -1.15639983e-12  8.10750008e+00 -1.03531341e+01
  -2.38491361e+00  4.75701952e+00]]"
Robot1 ,[-11096.744  -10009.227   -5912.8154],"[[ 3.63175347e-12 -5.79916676e-12  1.17935095e+01 -1.04675938e+01
  -1.73114358e+00  4.09178734e+00]]"
Robot2 ,[ -5590.235 -12098.162 -10800.942],"[[ 3.63175347e-12 -5.79916676e-12  1.17935095e+01 -1.04675938e+01
  -1.73114358e+00  4.09178734e+00]]"
Robot1 ,[-11855.151 -10676.139  -6672.622],"[[ 2.83687315e-12 -2.82682850e-12  9.15950394e+00 -1.05844282e+01
  -1.06380986e+00  3.41368437e+00]]"
Robot2 ,[ -6290.351 -12942.854 -11530.909],"[[ 2.83687315e-12 -2.82682850e-12  9.15950394e+00 -1.05844282e+01
  -1.06380986e+00  3.41368437e+00]]"
Robot1 ,[-14342.534 -12964.203  -8731.643],"[[ 4.24660343e-12 -8.06604605e-12  1.76173842e+00 -1.07014209e+01
  -3.95571896e-01  2.73466158e+00]]"
Robot2 ,[ -8284.058 -15605.132 -13957.579],"[[ 4.24660343e-12 -8.06604605e-12  1.76173842e+00 -1.07014209e+01
  -3.95571896e-01  2.73466158e+00]]"
Robot1 ,[-14061.973  -12673.223   -7499.6953],"[[ 1.15668995e-13 -2.43300918e-12  7.75337029e+00 -1.08196801e+01
   2.79900042e-01  2.04829192e+00]]"
Robot2 ,[ -7098.189 -15336.345 -13673.044],"[[ 1.15668995e-13 -2.43300918e-12  7.75337029e+00 -1.08196801e+01
   2.79900042e-01  2.04829192e+00]]"
Robot1 ,[-14435.883 -13013.454  -8098.359],"[[ 1.55912648e-12 -5.10190881e-12  9.08567142e+00 -1.09355646e+01
   9.41808286e-01  1.38121045e+00]]"
Robot2 ,[ -7682.559 -15742.72  -14035.159],"[[ 1.55912648e-12 -5.10190881e-12  9.08567142e+00 -1.09355646e+01
   9.41808286e-01  1.38121045e+00]]"
Robot1 ,[-14257.967  -12848.899   -8141.2246],"[[-8.75820066e-13 -4.23147373e-13  8.04842663e+00 -1.10533488e+01
   1.61456748e+00  6.92075372e-01]]"
Robot2 ,[ -7701.5757 -15552.396  -13862.09  ],"[[-8.75820066e-13 -4.23147373e-13  8.04842663e+00 -1.10533488e+01
   1.61456748e+00  6.92075372e-01]]"
Robot1 ,[-13981.492  -12606.186   -7891.7314],"[[ 2.76085372e-12 -2.28977287e-12  9.48968124e+00 -1.11033589e+01
   1.90021394e+00  7.30455220e-01]]"
Robot2 ,[ -7485.7695 -15239.207  -13594.999 ],"[[ 2.76085372e-12 -2.28977287e-12  9.48968124e+00 -1.11033589e+01
   1.90021394e+00  7.30455220e-01]]"
Robot1 ,[-9865.452 -8915.432 -5102.83 ],"[[ 1.03906099e-12 -3.31920014e-12  1.20000000e+01 -1.12564113e+01
   1.97348549e+00  4.74203682e+00]]"
Robot2 ,[ -4805.569 -10742.6    -9611.969],"[[ 1.03906099e-12 -3.31920014e-12  1.20000000e+01 -1.12564113e+01
   1.97348549e+00  4.74203682e+00]]"
Robot1 ,[-9865.452 -8915.432 -4716.709],"[[ 2.54292580e-12 -6.45665473e-12  1.20000000e+01 -1.17159139e+01
   1.55389941e+00  4.28844738e+00]]"
Robot2 ,[ -4449.174 -10742.6    -9611.969],"[[ 2.54292580e-12 -6.45665473e-12  1.20000000e+01 -1.17159139e+01
   1.55389941e+00  4.28844738e+00]]"
Robot1 ,[-15032.793 -13551.426  -8541.794],"[[-1.92702025e-12 -1.67687016e-12  8.04386902e+00 -1.17648364e+01
   1.50922680e+00  2.36459351e+00]]"
Robot2 ,[ -7974.0713 -16387.982  -14615.079 ],"[[-1.92702025e-12 -1.67687016e-12  8.04386902e+00 -1.17648364e+01
   1.50922680e+00  2.36459351e+00]]"
Robot1 ,[-15707.234 -14156.819  -9814.966],"[[ 3.34490022e-12 -4.59036620e-12  1.20000000e+01 -1.25000228e+01
   1.64717281e+00  1.60418451e+00]]"
Robot2 ,[ -9220.764 -17124.525 -15268.134],"[[ 3.34490022e-12 -4.59036620e-12  1.20000000e+01 -1.25000228e+01
   1.64717281e+00  1.60418451e+00]]"
Robot1 ,[-15750.491 -14195.647  -9039.364],"[[-2.86129494e-13 -4.52556307e-12  2.27481103e+00 -1.31193732e+01
   1.76338405e+00  2.57262325e+00]]"
Robot2 ,[ -8443.464 -17171.766 -15310.019],"[[-2.86129494e-13 -4.52556307e-12  2.27481103e+00 -1.31193732e+01
   1.76338405e+00  2.57262325e+00]]"
Robot1 ,[-17931.023 -16152.939 -11045.045],"[[ 2.68672527e-12 -4.76245304e-12  1.01585884e+01 -1.36879910e+01
   1.21857725e+00  1.87780547e+00]]"
Robot2 ,[-10363.534 -19553.078 -17421.406],"[[ 2.68672527e-12 -4.76245304e-12  1.01585884e+01 -1.36879910e+01
   1.21857725e+00  1.87780547e+00]]"
Robot1 ,[-20234.67  -18220.74  -12318.831],"[[-6.51339306e-14 -3.68132401e-12  8.16742420e+00 -1.43044416e+01
   6.27932983e-01  1.02330017e+00]]"
Robot2 ,[-11546.877 -22068.842 -19652.002],"[[-6.51339306e-14 -3.68132401e-12  8.16742420e+00 -1.43044416e+01
   6.27932983e-01  1.02330017e+00]]"
Robot1 ,[-15889.057 -14320.026  -9919.218],"[[ 4.97337553e-12 -3.14019111e-12  1.78929365e+00 -1.48080167e+01
   1.45491182e-01  1.20000000e+01]]"
Robot2 ,[ -9317.876 -17323.09  -15444.189],"[[ 4.97337553e-12 -3.14019111e-12  1.78929365e+00 -1.48080167e+01
   1.45491182e-01  1.20000000e+01]]"
Robot1 ,[-15889.057 -14320.026  -8956.401],"[[ 7.96553298e-13 -4.21696902e-12  1.20000000e+01 -1.45284553e+01
  -5.76941927e-01  1.20000000e+01]]"
Robot2 ,[ -8415.193 -17323.09  -15444.189],"[[ 7.96553298e-13 -4.21696902e-12  1.20000000e+01 -1.45284553e+01
  -5.76941927e-01  1.20000000e+01]]"
Robot1 ,[-11946.522  -10781.125   -6741.7036],"[[ -0.01727707  -0.07334764  12.         -14.50517048  -0.63100391
   12.        ]]"
Robot2 ,[ -6295.1523 -13017.53   -11626.677 ],"[[ -0.01727707  -0.07334764  12.         -14.50517048  -0.63100391
   12.        ]]"
Robot1 ,[-10967.821  -9902.622  -6200.176],"[[ -0.02816502  -0.076917    12.         -13.75487712  -0.49917859
   12.        ]]"
Robot2 ,[ -5792.0493 -11948.712  -10679.011 ],"[[ -0.02816502  -0.076917    12.         -13.75487712  -0.49917859
   12.        ]]"
Robot1 ,[-10967.821   -9902.622   -5607.3975],"[[ -0.02816502  -0.076917     9.17951488 -12.93300524  -0.35477138
   12.        ]]"
Robot2 ,[ -5240.0835 -11948.712  -10679.011 ],"[[ -0.02816502  -0.076917     9.17951488 -12.93300524  -0.35477138
   12.        ]]"
Robot1 ,[-10967.821  -9902.622  -5072.92 ],"[[ -0.02816502  -0.076917    10.47836208 -12.10209186  -0.20877554
   12.        ]]"
Robot2 ,[ -4742.3374 -11948.712  -10679.011 ],"[[ -0.02816502  -0.076917    10.47836208 -12.10209186  -0.20877554
   12.        ]]"
Robot1 ,[-11663.378  -10526.969   -6582.4023],"[[ -0.02816502  -0.076917     6.94588614 -12.0410634   -0.20029125
    8.5391798 ]]"
Robot2 ,[ -6146.967 -12708.314 -11352.511],"[[ -0.02816502  -0.076917     6.94588614 -12.0410634   -0.20029125
    8.5391798 ]]"
Robot1 ,[-9490.808 -8576.824 -5382.698],"[[ -0.02816502  -0.076917    12.         -11.77984989  -0.92663316
    9.90970993]]"
Robot2 ,[ -5032.561 -10335.697  -9248.835],"[[ -0.02816502  -0.076917    12.         -11.77984989  -0.92663316
    9.90970993]]"
Robot1 ,[-10588.4    -9562.046  -5989.543],"[[ -0.02816502  -0.076917     9.08065796 -11.49115816  -1.7293842
    9.07064629]]"
Robot2 ,[ -5596.313  -11534.3545 -10311.621 ],"[[ -0.02816502  -0.076917     9.08065796 -11.49115816  -1.7293842
    9.07064629]]"
Robot1 ,[-10058.871   -9086.7295  -5697.5234],"[[ -0.02816502  -0.076917    12.         -11.20930094  -2.51313082
    8.24601173]]"
Robot2 ,[ -5325.083 -10956.067  -9798.884],"[[ -0.02816502  -0.076917    12.         -11.20930094  -2.51313082
    8.24601173]]"
Robot1 ,[-13703.256 -12358.006  -8711.26 ],"[[ -0.02816502  -0.076917     1.72844064 -10.92349377  -3.30786087
    7.41616583]]"
Robot2 ,[ -8195.736 -14936.021 -13327.702],"[[ -0.02816502  -0.076917     1.72844064 -10.92349377  -3.30786087
    7.41616583]]"
Robot1 ,[-10625.463   -9595.314   -6011.5396],"[[ -0.02816502  -0.076917    12.         -10.63630874  -4.10642229
    6.58609533]]"
Robot2 ,[ -5616.854 -11574.83  -10347.509],"[[ -0.02816502  -0.076917    12.         -10.63630874  -4.10642229
    6.58609533]]"
Robot1 ,[-11778.682 -10630.468  -6749.105],"[[ -0.02816502  -0.076917     8.51195431 -10.35236553  -4.89596932
    5.75078821]]"
Robot2 ,[ -6309.1426 -12834.235  -11464.158 ],"[[ -0.02816502  -0.076917     8.51195431 -10.35236553  -4.89596932
    5.75078821]]"
Robot1 ,[-12252.233 -11055.537  -7011.212],"[[ -0.02816502  -0.076917    11.62374783 -10.06686902  -5.68983554
    4.92109203]]"
Robot2 ,[ -6552.6577 -13351.391  -11922.692 ],"[[ -0.02816502  -0.076917    11.62374783 -10.06686902  -5.68983554
    4.92109203]]"
Robot1 ,[-14085.064 -12700.725  -8124.22 ],[[-0.02816502 -0.076917    2.19974971 -9.77640196 -6.49752315  4.07684898]]
Robot2 ,[ -7593.706 -15352.986 -13697.403],[[-0.02816502 -0.076917    2.19974971 -9.77640196 -6.49752315  4.07684898]]
Robot1 ,[-14133.833  -12744.5     -8151.6787],[[-0.02816502 -0.076917    2.28942561 -9.48584626 -7.3054572   3.23229837]]
Robot2 ,[ -7619.2495 -15406.245  -13744.625 ],[[-0.02816502 -0.076917    2.28942561 -9.48584626 -7.3054572   3.23229837]]
Robot1 ,[-14928.502 -13457.812  -8491.189],[[-0.02816502 -0.076917    9.1842165  -9.19351524 -8.11832783  2.37898278]]
Robot2 ,[ -7927.5605 -16274.086  -14514.095 ],[[-0.02816502 -0.076917    9.1842165  -9.19351524 -8.11832783  2.37898278]]
Robot1 ,[-15815.262 -14253.786  -9881.763],[[-0.02816502 -0.076917    8.7305479  -8.90304817 -8.92601544  1.53378868]]
Robot2 ,[ -9283.319 -17242.498 -15372.734],[[-0.02816502 -0.076917    8.7305479  -8.90304817 -8.92601544  1.53378868]]
Robot1 ,[-15815.262 -14253.786 -10025.855],[[-0.02816502 -0.076917    2.1932869  -8.82497039 -9.14312348  0.31925336]]
Robot2 ,[ -9487.257 -17242.498 -15372.734],[[-0.02816502 -0.076917    2.1932869  -8.82497039 -9.14312348  0.31925336]]
Robot1 ,[-16471.63  -14842.957 -10244.649],[[-0.02816502 -0.076917   12.         -8.82497039 -9.14312348  0.41854787]]
Robot2 ,[ -9620.436 -17959.307 -16008.29 ],[[-0.02816502 -0.076917   12.         -8.82497039 -9.14312348  0.41854787]]
Robot1 ,[-16471.63  -14842.957 -10252.473],[[-0.02816502 -0.076917    1.77594113 -8.844137   -9.18073943  9.8532877 ]]
Robot2 ,[ -9690.68  -17959.307 -16008.29 ],[[-0.02816502 -0.076917    1.77594113 -8.844137   -9.18073943  9.8532877 ]]
Robot1 ,[-11419.153 -10307.747  -7453.973],[[-0.83768708 -0.07709608  0.9690035  -9.35720566 -8.56051672  8.46456623]]
Robot2 ,[ -7028.1265 -12441.602  -11116.03  ],[[-0.83768708 -0.07709608  0.9690035  -9.35720566 -8.56051672  8.46456623]]
Robot1 ,[-12073.034  -10894.685   -6915.1343],[[-0.90020643 -0.07878818  2.11990786 -9.91384389 -7.88763362  7.59811401]]
Robot2 ,[ -6463.615 -13155.691 -11749.177],[[-0.90020643 -0.07878818  2.11990786 -9.91384389 -7.88763362  7.59811401]]
Robot1 ,[-12073.034  -10894.685   -6256.1294],"[[ -0.90020643  -0.07878818  10.6856041  -10.46111983  -7.22606798
    6.74173498]]"
Robot2 ,[ -5849.762 -13155.691 -11749.177],"[[ -0.90020643  -0.07878818  10.6856041  -10.46111983  -7.22606798
    6.74173498]]"
Robot1 ,[-14383.394 -12968.511  -8191.301],"[[ -0.90020643  -0.07878818  12.         -10.50323827  -7.17861303
    3.5992732 ]]"
Robot2 ,[ -7649.0747 -15678.785  -13986.272 ],"[[ -0.90020643  -0.07878818  12.         -10.50323827  -7.17861303
    3.5992732 ]]"
Robot1 ,[-14376.378 -12962.214  -9188.528],"[[ -0.90020643  -0.07878818   1.3514564  -11.1977821   -7.58727334
    2.85405231]]"
Robot2 ,[ -8646.578 -15671.123 -13979.479],"[[ -0.90020643  -0.07878818   1.3514564  -11.1977821   -7.58727334
    2.85405231]]"
Robot1 ,[-14376.378 -12962.214 -10304.478],"[[ -0.90020643  -0.07878818   1.00949526 -11.9505605   -8.03019883
    1.97785771]]"
Robot2 ,[ -9816.723 -15671.123 -13979.479],"[[ -0.90020643  -0.07878818   1.00949526 -11.9505605   -8.03019883
    1.97785771]]"
Robot1 ,[-21696.338 -19532.764 -13134.599],"[[ -0.90020643  -0.07878818  12.         -12.69903848  -8.470594
    1.10482013]]"
Robot2 ,[-12305.257 -23665.098 -21067.32 ],"[[ -0.90020643  -0.07878818  12.         -12.69903848  -8.470594
    1.10482013]]"
Robot1 ,[-23610.168 -21257.715 -13626.972],"[[ -0.90020643  -0.07878818   9.0100069  -13.25208933  -8.79600227
    0.46796027]]"
Robot2 ,[-12785.35  -25746.395 -22923.736],"[[ -0.90020643  -0.07878818   9.0100069  -13.25208933  -8.79600227
    0.46796027]]"
Robot1 ,[-17616.014 -15842.265 -11156.864],"[[ -0.90020643  -0.07878818   1.87334323 -13.48433298  -8.92977205
    1.03489125]]"
Robot2 ,[-10499.714 -19243.125 -17104.105],"[[ -0.90020643  -0.07878818   1.87334323 -13.48433298  -8.92977205
    1.03489125]]"
Robot1 ,[-16756.3   -15134.994  -9151.074],"[[ -0.90020643  -0.07878818  12.         -13.49974143  -9.22605485
    7.62107182]]"
Robot2 ,[ -8645.8955 -18224.13   -16299.728 ],"[[ -0.90020643  -0.07878818  12.         -13.49974143  -9.22605485
    7.62107182]]"
Robot1 ,[-15366.069 -13841.873  -8406.96 ],"[[ -0.90020643  -0.07878818  12.         -13.09293228  -9.55051227
    6.7158699 ]]"
Robot2 ,[ -7899.9624 -16760.877  -14934.274 ],"[[ -0.90020643  -0.07878818  12.         -13.09293228  -9.55051227
    6.7158699 ]]"
Robot1 ,[-15366.069  -13841.873   -7603.6333],"[[ -0.90020643  -0.07878818   8.93910599 -12.62212851  -9.92600966
    6.12011242]]"
Robot2 ,[ -7147.336 -16760.877 -14934.274],"[[ -0.90020643  -0.07878818   8.93910599 -12.62212851  -9.92600966
    6.12011242]]"
Robot1 ,[-17426.014  -15702.4375  -9524.582 ],"[[ -0.90020643  -0.07878818  11.65369034 -12.57320536  -9.96502913
    4.55084324]]"
Robot2 ,[ -8956.952 -18998.625 -16933.477],"[[ -0.90020643  -0.07878818  11.65369034 -12.57320536  -9.96502913
    4.55084324]]"
Robot1 ,[-16537.193 -14893.784 -10099.107],"[[ -0.90020643  -0.07878818   1.39840519 -12.63414608 -10.63315976
    3.07965088]]"
Robot2 ,[ -9592.848 -18039.906 -16068.411],"[[ -0.90020643  -0.07878818   1.39840519 -12.63414608 -10.63315976
    3.07965088]]"
Robot1 ,[-15584.914 -14028.185  -9124.812],"[[ -0.90020643  -0.07878818   0.88455743 -12.68801303 -11.22373622
    2.47979617]]"
Robot2 ,[ -8604.151 -17012.295 -15142.508],"[[ -0.90020643  -0.07878818   0.88455743 -12.68801303 -11.22373622
    2.47979617]]"
Robot1 ,[-15584.914 -14028.185 -10251.71 ],"[[ -0.90020643  -0.07878818   1.66493702 -12.74204674 -11.8161411
    1.87896907]]"
Robot2 ,[ -9783.116 -17012.295 -15142.508],"[[ -0.90020643  -0.07878818   1.66493702 -12.74204674 -11.8161411
    1.87896907]]"
Robot1 ,[-16859.201 -15182.514 -11264.026],"[[ -1.05369393  -0.57790941   1.24344635 -12.74764754 -11.8775461
    0.55254412]]"
Robot2 ,[-10727.553 -18395.412 -16380.006],"[[ -1.05369393  -0.57790941   1.24344635 -12.74764754 -11.8775461
    0.55254412]]"
Robot1 ,[-23569.371 -21228.936 -13981.431],"[[ -1.07343669  -0.64211027   9.45458889 -12.96884265 -12.00269522
    0.94631213]]"
Robot2 ,[-13229.447 -25700.977 -22884.723],"[[ -1.07343669  -0.64211027   9.45458889 -12.96884265 -12.00269522
    0.94631213]]"
Robot1 ,[-14850.803 -13356.654  -9067.697],"[[ -1.07343669  -0.64211027   0.68303972 -13.00182468 -12.33138177
    8.29174423]]"
Robot2 ,[ -8598.458 -16219.699 -14428.154],"[[ -1.07343669  -0.64211027   0.68303972 -13.00182468 -12.33138177
    8.29174423]]"
Robot1 ,[-14850.803 -13356.654  -9200.634],"[[ -1.07343669  -0.64211027   0.69578034 -12.51731551 -12.75744988
    7.19954252]]"
Robot2 ,[ -8778.318 -16219.699 -14428.154],"[[ -1.07343669  -0.64211027   0.69578034 -12.51731551 -12.75744988
    7.19954252]]"
Robot1 ,[-18626.148 -16816.297 -10150.835],"[[ -1.07343669  -0.64211027  12.         -12.46756554 -12.80119905
    4.34013271]]"
Robot2 ,[ -9600.531 -20277.453 -18106.887],"[[ -1.07343669  -0.64211027  12.         -12.46756554 -12.80119905
    4.34013271]]"
Robot1 ,[-17761.443 -15974.54   -9259.614],"[[ -1.07343669  -0.64211027  10.12083244 -11.84201023 -12.64699149
    3.70332241]]"
Robot2 ,[ -8704.73  -19392.016 -17248.604],"[[ -1.07343669  -0.64211027  10.12083244 -11.84201023 -12.64699149
    3.70332241]]"
Robot1 ,[-17321.387 -15604.321  -8835.229],"[[ -1.07343669  -0.64211027  11.56670666 -11.14232615 -12.47451021
    2.9780097 ]]"
Robot2 ,[ -8304.225 -18887.389 -16830.803],"[[ -1.07343669  -0.64211027  11.56670666 -11.14232615 -12.47451021
    2.9780097 ]]"
Robot1 ,[-14505.913 -13067.022  -8954.984],"[[ -1.07343669  -0.64211027   1.66696393 -10.44977262 -12.30378671
    2.27013969]]"
Robot2 ,[ -8479.654 -15825.616 -14100.419],"[[ -1.07343669  -0.64211027   1.66696393 -10.44977262 -12.30378671
    2.27013969]]"
Robot1 ,[-13263.05  -11945.797  -8992.08 ],"[[ -1.07343669  -0.64211027   0.58166987  -9.74741459 -12.13064627
    1.54758072]]"
Robot2 ,[ -8585.795 -14469.777 -12896.068],"[[ -1.07343669  -0.64211027   0.58166987  -9.74741459 -12.13064627
    1.54758072]]"
Robot1 ,[-14075.068 -12695.492  -9715.371],"[[ -1.07343669  -0.64211027   0.93566012  -9.18677601 -11.99244153
    0.96824747]]"
Robot2 ,[ -9268.19  -15339.695 -13688.353],"[[ -1.07343669  -0.64211027   0.93566012  -9.18677601 -11.99244153
    0.96824747]]"
Robot1 ,[-16831.232 -15148.814 -10343.519],"[[ -1.07343669  -0.64211027  10.80483532  -8.57043884 -11.84103175
    0.62750626]]"
Robot2 ,[ -9827.472 -18364.287 -16351.445],"[[ -1.07343669  -0.64211027  10.80483532  -8.57043884 -11.84103175
    0.62750626]]"
Robot1 ,[-16831.232 -15148.814 -10344.783],"[[ -1.07343669  -0.64211027   0.66396326  -8.51831442 -11.70386452
   12.        ]]"
Robot2 ,[ -9880.342 -18364.287 -16351.445],"[[ -1.07343669  -0.64211027   0.66396326  -8.51831442 -11.70386452
   12.        ]]"
Robot1 ,[-12698.743 -11430.536  -8913.472],"[[ -1.07343669  -0.64211027   0.64743501  -8.51831442 -11.70386452
    0.58010882]]"
Robot2 ,[ -8535.4375 -13861.9795 -12346.93  ],"[[ -1.07343669  -0.64211027   0.64743501  -8.51831442 -11.70386452
    0.58010882]]"
Robot1 ,[-10870.827  -9839.25   -6319.989],"[[ -1.07343669  -0.64211027  10.84705544  -8.49782905 -11.65553128
    9.53815651]]"
Robot2 ,[ -6003.483 -11822.464 -10592.144],"[[ -1.07343669  -0.64211027  10.84705544  -8.49782905 -11.65553128
    9.53815651]]"
Robot1 ,[-10066.275   -9070.994   -5593.7256],"[[ -1.07343669  -0.64211027  12.          -8.96990178 -11.18529537
    8.28179741]]"
Robot2 ,[ -5305.505 -10985.586  -9798.845],"[[ -1.07343669  -0.64211027  12.          -8.96990178 -11.18529537
    8.28179741]]"
Robot1 ,[-12637.605  -11393.386   -7194.5884],"[[ -1.07343669  -0.64211027   2.2524209   -9.47655412 -10.6806144
    7.56897163]]"
Robot2 ,[ -6792.151 -13779.076 -12293.488],"[[ -1.07343669  -0.64211027   2.2524209   -9.47655412 -10.6806144
    7.56897163]]"
Robot1 ,[-12236.39  -11038.93   -7762.685],"[[ -1.07343669  -0.64211027   0.61178493  -9.90711105 -10.25173275
    6.96304464]]"
Robot2 ,[ -7390.864 -13336.834 -11906.643],"[[ -1.07343669  -0.64211027   0.61178493  -9.90711105 -10.25173275
    6.96304464]]"
Robot1 ,[-13341.302 -12049.215  -7800.609],"[[ -1.07343669  -0.64211027   0.65945464 -10.26872684  -9.891524
    6.45766926]]"
Robot2 ,[ -7423.9966 -14523.177  -12982.525 ],"[[ -1.07343669  -0.64211027   0.65945464 -10.26872684  -9.891524
    6.45766926]]"
Robot1 ,[-13341.302 -12049.215  -7155.141],"[[ -1.07343669  -0.64211027  12.         -10.65050467  -9.51123166
    5.92304468]]"
Robot2 ,[ -6816.19  -14523.177 -12982.525],"[[ -1.07343669  -0.64211027  12.         -10.65050467  -9.51123166
    5.92304468]]"
Robot1 ,[-15258.077 -13695.939  -7926.377],"[[ -1.03825213  -1.17507224  12.         -10.70394553  -9.45799874
    3.0880928 ]]"
Robot2 ,[ -7469.755 -16683.9   -14815.935],"[[ -1.03825213  -1.17507224  12.         -10.70394553  -9.45799874
    3.0880928 ]]"
Robot1 ,[-15258.077 -13695.939  -7268.469],"[[ -1.03412989  -1.23751422  11.0296278  -11.34996193  -9.58327992
    2.42155862]]"
Robot2 ,[ -6857.5093 -16683.9    -14815.935 ],"[[ -1.03412989  -1.23751422  11.0296278  -11.34996193  -9.58327992
    2.42155862]]"
Robot1 ,[-16636.67  -15010.895  -8976.12 ],"[[ -1.03412989  -1.23751422  10.16047859 -11.41770376  -9.59641702
    3.690732  ]]"
Robot2 ,[ -8483.662 -18122.951 -16174.091],"[[ -1.03412989  -1.23751422  10.16047859 -11.41770376  -9.59641702
    3.690732  ]]"
Robot1 ,[-16754.662 -15095.289  -8953.341],"[[ -1.03412989  -1.23751422  12.         -11.68014277 -10.2098699
    3.2430191 ]]"
Robot2 ,[ -8447.688 -18269.87  -16281.634],"[[ -1.03412989  -1.23751422  12.         -11.68014277 -10.2098699
    3.2430191 ]]"
Robot1 ,[-16579.307 -14943.875  -9641.017],"[[ -1.03412989  -1.23751422   0.51905608 -11.96936166 -10.88592093
    2.50592136]]"
Robot2 ,[ -9113.043 -18067.658 -16115.023],"[[ -1.03412989  -1.23751422   0.51905608 -11.96936166 -10.88592093
    2.50592136]]"
Robot1 ,[-18295.969 -16493.994 -12129.969],"[[ -1.03412989  -1.23751422   0.77255368 -12.26038592 -11.566192
    1.76328313]]"
Robot2 ,[-11610.157 -19940.873 -17778.012],"[[ -1.03412989  -1.23751422   0.77255368 -12.26038592 -11.566192
    1.76328313]]"
Robot1 ,[-18295.969 -16493.994 -11955.478],"[[ -1.03412989  -1.23751422  12.         -12.52469083 -12.18400642
    1.08884072]]"
Robot2 ,[-11487.646 -19940.873 -17778.012],"[[ -1.03412989  -1.23751422  12.         -12.52469083 -12.18400642
    1.08884072]]"
Robot1 ,[-18295.969 -16493.994 -10798.516],"[[ -1.03412989  -1.23751422   9.30727863 -12.5489432  -12.2406965
    9.38829327]]"
Robot2 ,[-10377.468 -19940.873 -17778.012],"[[ -1.03412989  -1.23751422   9.30727863 -12.5489432  -12.2406965
    9.38829327]]"
Robot1 ,[-18295.969 -16493.994  -9857.25 ],"[[ -1.03412989  -1.23751422  12.         -12.5489432  -12.2406965
    4.42826414]]"
Robot2 ,[ -9478.308 -19940.873 -17778.012],"[[ -1.03412989  -1.23751422  12.         -12.5489432  -12.2406965
    4.42826414]]"
Robot1 ,[-16275.271 -14697.087  -8668.509],"[[ -0.94689421  -0.64366937  12.         -12.5489432  -12.2406965
   12.        ]]"
Robot2 ,[ -8197.849 -17712.578 -15828.091],"[[ -0.94689421  -0.64366937  12.         -12.5489432  -12.2406965
   12.        ]]"
Robot1 ,[-16275.271 -14697.087  -8840.131],"[[ -0.93739887  -0.57903118   1.12355423 -12.48295909 -11.63118765
   12.        ]]"
Robot2 ,[ -8416.536 -17712.578 -15828.091],"[[ -0.93739887  -0.57903118   1.12355423 -12.48295909 -11.63118765
   12.        ]]"
Robot1 ,[-15267.214 -13761.376 -10212.928],"[[ -1.4378221   -0.23287425   0.46342883 -12.47572988 -11.56440992
    1.27038825]]"
Robot2 ,[ -9759.787 -16645.002 -14841.798],"[[ -1.4378221   -0.23287425   0.46342883 -12.47572988 -11.56440992
    1.27038825]]"
Robot1 ,[-14709.153 -13259.093  -9890.147],"[[ -1.49079706  -0.19622996   0.30559009 -12.99805052 -11.2228479
    0.60076874]]"
Robot2 ,[ -9461.139 -16038.502 -14301.055],"[[ -1.49079706  -0.19622996   0.30559009 -12.99805052 -11.2228479
    0.60076874]]"
Robot1 ,[-22371.105 -20142.135 -12630.018],"[[ -1.49079706  -0.19622996  11.43203545 -13.19755715 -11.09238065
    0.30714032]]"
Robot2 ,[-11980.808 -24398.271 -21721.664],"[[ -1.49079706  -0.19622996  11.43203545 -13.19755715 -11.09238065
    0.30714032]]"
Robot1 ,[-16297.585 -14694.291  -8906.881],"[[ -1.49079706  -0.19622996  12.         -13.23059532 -11.11536986
   10.27802086]]"
Robot2 ,[ -8478.306 -17758.168 -15842.558],"[[ -1.49079706  -0.19622996  12.         -13.23059532 -11.11536986
   10.27802086]]"
Robot1 ,[-17614.156 -15860.335 -10026.65 ],"[[ -1.49079706  -0.19622996   0.3287226  -13.0874149  -11.73789032
   12.        ]]"
Robot2 ,[ -9494.813 -19208.883 -17112.71 ],"[[ -1.49079706  -0.19622996   0.3287226  -13.0874149  -11.73789032
   12.        ]]"
Robot1 ,[-1040     0     0],"[[ -1.49079706  -0.19622996   0.32278508 -13.0729766  -11.8006652
   12.        ]]"
Robot2 ,[-1040     0     0],"[[ -1.49079706  -0.19622996   0.32278508 -13.0729766  -11.8006652
   12.        ]]"
Robot1 ,[-707.25366 -689.6545  -535.37244],"[[-2.37867323e-12 -1.74297402e-25  7.34170628e+00 -2.37867236e-12
  -1.77872616e-25  1.20000000e+01]]"
Robot2 ,[-535.9136 -733.6258 -740.0964],"[[-2.37867323e-12 -1.74297402e-25  7.34170628e+00 -2.37867236e-12
  -1.77872616e-25  1.20000000e+01]]"
Robot1 ,[-2542.6409 -1985.4596 -2698.5825],"[[ 3.79423550e-12 -3.39870184e-12  9.87688720e-01  5.53306742e-04
  -4.75347701e-03  8.09828377e+00]]"
Robot2 ,[-2478.589  -2812.561  -2041.3374],"[[ 3.79423550e-12 -3.39870184e-12  9.87688720e-01  5.53306742e-04
  -4.75347701e-03  8.09828377e+00]]"
Robot1 ,[-2542.6409 -1820.1852 -2698.5825],"[[-3.33599408e-01  9.37078703e-01  1.20000000e+01 -4.47866248e-03
  -5.30849927e-03  1.20000000e+01]]"
Robot2 ,[-2478.589  -2812.561  -1870.4752],"[[-3.33599408e-01  9.37078703e-01  1.20000000e+01 -4.47866248e-03
  -5.30849927e-03  1.20000000e+01]]"
Robot1 ,[-916.6833  -876.0906  -641.55475],"[[-3.77392508e-01  9.76411205e-01  1.01755819e+01 -4.47866240e-03
  -5.30849926e-03  1.20000000e+01]]"
Robot2 ,[-635.1013 -958.7142 -940.772 ],"[[-3.77392508e-01  9.76411205e-01  1.01755819e+01 -4.47866240e-03
  -5.30849926e-03  1.20000000e+01]]"
Robot1 ,[-807.3724  -778.781   -586.92065],[[-0.37739251  0.97641121  8.9753933   0.06993312 -0.01118489  8.40516186]]
Robot2 ,[-584.11804 -841.2302  -836.0302 ],[[-0.37739251  0.97641121  8.9753933   0.06993312 -0.01118489  8.40516186]]
Robot1 ,[ -885.97784 -1129.8832  -1087.0029 ],[[-0.37739251  0.97641121  7.38533688  0.29218907  0.74811726  7.3734231 ]]
Robot2 ,[ -978.3751 -1052.5682 -1139.9933],[[-0.37739251  0.97641121  7.38533688  0.29218907  0.74811726  7.3734231 ]]
Robot1 ,[ -885.6994 -1166.4358 -1130.093 ],[[-0.70668861  1.71190999  6.66334105  0.53880242  1.59063575  6.49896526]]
Robot2 ,[-1091.7454  -984.3211 -1167.2473],[[-0.70668861  1.71190999  6.66334105  0.53880242  1.59063575  6.49896526]]
Robot1 ,[ -986.7967 -1166.4358 -1130.093 ],[[-1.05946917  2.49986088  5.79651833  0.55931636  1.65455409  6.79266405]]
Robot2 ,[-1091.7454 -1085.4185 -1167.2473],[[-1.05946917  2.49986088  5.79651833  0.55931636  1.65455409  6.79266405]]
Robot1 ,[-1087.9434 -1166.4358 -1130.093 ],[[-1.41406907  3.29187539  4.92983389  0.55931636  1.65455409  4.53638887]]
Robot2 ,[-1091.7454 -1186.5651 -1167.2473],[[-1.41406907  3.29187539  4.92983389  0.55931636  1.65455409  4.53638887]]
Robot1 ,[-707.25366 -689.6545  -535.37244],"[[-2.35585431e-12 -1.65099542e-25  7.34170628e+00  0.00000000e+00
   0.00000000e+00  1.20000000e+01]]"
Robot2 ,[-535.9136 -733.6258 -740.0964],"[[-2.35585431e-12 -1.65099542e-25  7.34170628e+00  0.00000000e+00
   0.00000000e+00  1.20000000e+01]]"
Robot1 ,[-760.4939  -737.04944 -562.02124],"[[4.35013100e-12 4.23580144e-13 8.61880589e+00 0.00000000e+00
  0.00000000e+00 1.20000000e+01]]"
Robot2 ,[-560.7843  -790.84674 -791.1112 ],"[[4.35013100e-12 4.23580144e-13 8.61880589e+00 0.00000000e+00
  0.00000000e+00 1.20000000e+01]]"
Robot1 ,[-901.45044 -862.5301  -632.57544],"[[1.23163775e-12 2.38854100e-12 1.20000000e+01 0.00000000e+00
  0.00000000e+00 1.20000000e+01]]"
Robot2 ,[-626.63074 -942.34235 -926.17584],"[[1.23163775e-12 2.38854100e-12 1.20000000e+01 0.00000000e+00
  0.00000000e+00 1.20000000e+01]]"
Robot1 ,[-829.90027 -798.8356  -596.76184],"[[ 1.32250293e-12 -1.43938041e-12  1.02836905e+01  0.00000000e+00
   0.00000000e+00  1.20000000e+01]]"
Robot2 ,[-593.2068  -865.44257 -857.61646],"[[ 1.32250293e-12 -1.43938041e-12  1.02836905e+01  0.00000000e+00
   0.00000000e+00  1.20000000e+01]]"
Robot1 ,[ -829.90027  -798.8356  -1569.0857 ],"[[3.77431658e-12 1.40346074e-13 1.91771162e+00 0.00000000e+00
  0.00000000e+00 1.20000000e+01]]"
Robot2 ,[-1565.8861   -865.44257  -857.61646],"[[3.77431658e-12 1.40346074e-13 1.91771162e+00 0.00000000e+00
  0.00000000e+00 1.20000000e+01]]"
Robot1 ,[-3002.8062 -2620.0063 -3730.9414],[[ 0.06224499 -0.05949685  1.30341351  0.          0.         12.        ]]
Robot2 ,[-3381.9504 -3424.7542 -2677.676 ],[[ 0.06224499 -0.05949685  1.30341351  0.          0.         12.        ]]
Robot1 ,[-895.14386 -856.91595 -628.98834],[[ 0.2782507 -0.1521631 12.         0.         0.        12.       ]]
Robot2 ,[-623.25433 -935.5643  -920.13293],[[ 0.2782507 -0.1521631 12.         0.         0.        12.       ]]
Robot1 ,[-776.11847 -750.95856 -569.41156],[[ 0.2782507  -0.1521631   9.14487743  0.          0.         12.        ]]
Robot2 ,[-567.6528  -807.6395  -806.08264],[[ 0.2782507  -0.1521631   9.14487743  0.          0.         12.        ]]
Robot1 ,[-707.25366 -689.6545  -535.37244],"[[-2.34753205e-12 -1.73127877e-25  7.34170628e+00 -2.34753275e-12
  -1.72500917e-25  1.20000000e+01]]"
Robot2 ,[-535.9136 -733.6258 -740.0964],"[[-2.34753205e-12 -1.73127877e-25  7.34170628e+00 -2.34753275e-12
  -1.72500917e-25  1.20000000e+01]]"
Robot1 ,[-2447.2788 -1872.0256 -2521.5183],"[[ 3.77888057e-12 -3.14075753e-12  9.76235747e-01  1.89187236e-02
  -9.53756966e-03  7.58747625e+00]]"
Robot2 ,[-2326.0432 -2689.3716 -1924.7948],"[[ 3.77888057e-12 -3.14075753e-12  9.76235747e-01  1.89187236e-02
  -9.53756966e-03  7.58747625e+00]]"
Robot1 ,[-995.7641  -946.48895 -681.1137 ],[[-0.3669225   0.96612921 12.         -0.01574004 -0.01327766 12.        ]]
Robot2 ,[ -672.01904 -1043.7078  -1016.54724],[[-0.3669225   0.96612921 12.         -0.01574004 -0.01327766 12.        ]]
Robot1 ,[-881.52466 -844.792   -624.03625],[[-0.42182973  1.01505536  9.18215656 -0.01574004 -0.01327766 12.        ]]
Robot2 ,[-618.757   -920.92676 -907.08295],[[-0.42182973  1.01505536  9.18215656 -0.01574004 -0.01327766 12.        ]]
Robot1 ,[-934.2993  -891.77246 -650.52405],"[[-4.21829731e-01  1.01505536e+00  1.20000000e+01  6.50401250e-02
  -4.57512715e-03  8.23071480e+00]]"
Robot2 ,[-643.4823 -977.6473 -957.6517],"[[-4.21829731e-01  1.01505536e+00  1.20000000e+01  6.50401250e-02
  -4.57512715e-03  8.23071480e+00]]"
Robot1 ,[ -887.6491 -1066.6046 -1025.7941],[[-0.42182973  1.01505536  7.59869671  0.27298185  0.76638027  7.18396378]]
Robot2 ,[ -925.81976 -1045.5968  -1092.9467 ],[[-0.42182973  1.01505536  7.59869671  0.27298185  0.76638027  7.18396378]]
Robot1 ,[ -885.7364 -1166.4358 -1130.093 ],[[-0.78459813  1.73154851  6.92495728  0.50159034  1.61396137  6.31030607]]
Robot2 ,[-1091.7454   -984.35815 -1167.2473 ],[[-0.78459813  1.73154851  6.92495728  0.50159034  1.61396137  6.31030607]]
Robot1 ,[ -886.8767 -1166.4358 -1130.093 ],[[-1.18114334  2.51475184  6.04787111  0.51853503  1.67034176  6.97546816]]
Robot2 ,[-1091.7454  -985.4985 -1167.2473],[[-1.18114334  2.51475184  6.04787111  0.51853503  1.67034176  6.97546816]]
Robot1 ,[-1088.0443 -1166.4358 -1130.093 ],[[-1.57360404  3.28988796  5.17065477  0.51853503  1.67034176  4.55998611]]
Robot2 ,[-1091.7454 -1186.666  -1167.2473],[[-1.57360404  3.28988796  5.17065477  0.51853503  1.67034176  4.55998611]]
Robot1 ,[-1116.1241 -1166.4358 -1130.093 ],[[-1.96772342  4.0683001   4.29894114  0.51853503  1.67034176 12.        ]]
Robot2 ,[-1119.4551 -1186.666  -1167.2473],[[-1.96772342  4.0683001   4.29894114  0.51853503  1.67034176 12.        ]]
Robot1 ,[-1040.8337 -1166.4358 -1130.093 ],[[-1.99874927  4.12469689 12.         -0.27839535  1.52298131 12.        ]]
Robot2 ,[-1043.8317 -1186.666  -1167.2473],[[-1.99874927  4.12469689 12.         -0.27839535  1.52298131 12.        ]]
Robot1 ,[-1019.0261  -967.197   -796.2134],[[-2.76730982  3.86754363 12.         -0.33854399  1.50961728  4.73873234]]
Robot2 ,[ -786.3418 -1068.709  -1038.837 ],[[-2.76730982  3.86754363 12.         -0.33854399  1.50961728  4.73873234]]
Robot1 ,[-927.7065  -885.90344 -751.3823 ],[[-2.83214075  3.84402523  7.98033094 -0.2994      0.7120712   3.88004112]]
Robot2 ,[-744.56067 -970.5615  -951.3344 ],[[-2.83214075  3.84402523  7.98033094 -0.2994      0.7120712   3.88004112]]
Robot1 ,[-1173.3906  -1104.6136   -875.15656],[[-2.83214075  3.84402523 12.         -0.26198251 -0.05028219  3.11910295]]
Robot2 ,[ -860.1295 -1234.6151 -1186.7493],[[-2.83214075  3.84402523 12.         -0.26198251 -0.05028219  3.11910295]]
